11,101,419,211,260,138,42	0
492,322,245,211,70,68,42	0
496,140,93,138,70,42,373	0
423,53,35,93,54,245,391	0
496,435,374,93,140,210,419	0
212,435,54,391,374,420,138	0
490,420,42,68,419,434,70	0
496,420,32,54,16,77,168	0
17,245,391,260,373,419,434	0
302,322,16,232,54,419,42	0
149,341,434,260,211,419,68	0
250,32,210,434,494,42,68	0
62,435,391,353,322,35,419	0
212,93,435,211,138,260,42	0
236,101,35,25,411,232,36	0
212,411,353,42,138,211,70	0
287,32,36,77,391,407,42	0
447,435,253,25,53,411,260	0
445,25,353,373,260,211,70	0
492,25,374,245,210,35,253	0
46,36,322,168,16,373,494	0
46,54,36,25,341,70,434	0
459,35,341,25,232,68,494	0
459,189,93,232,373,68,494	0
466,35,210,35,373,434,211	0
33,322,54,101,419,138,70	0
108,53,211,70,260,494,373	0
86,53,245,32,16,341,434	0
5,407,232,411,211,494,373	0
496,407,245,77,419,494,373	0
86,189,77,494,419,211,260	0
250,101,260,68,211,42,494	0
149,322,407,211,494,138,70	0
62,420,245,138,42,68,419	0
445,168,189,245,210,54,16	0
86,253,435,322,168,341,140	0
459,435,93,32,245,35,411	0
475,140,407,32,420,494,373	0
490,374,420,168,353,494,211	0
170,53,168,260,138,494,434	0
467,245,32,140,411,407,253	0
467,35,407,140,16,138,70	0
5,435,211,434,373,494,260	0
11,189,391,341,434,373,70	0
496,420,36,32,407,253,138	0
149,411,407,253,411,494,211	0
212,374,70,434,211,260,138	0
466,168,168,32,211,260,68	0
492,210,391,322,42,373,419	0
265,353,168,101,36,42,211	0
423,322,210,419,260,494,42	0
48,35,353,341,140,420,168	0
170,16,341,494,373,68,434	0
454,25,68,419,434,42,260	0
423,210,435,32,407,42,70	0
48,210,420,68,260,419,70	0
17,25,374,211,373,68,494	0
265,101,374,101,53,42,373	0
447,210,232,70,373,494,68	0
86,93,411,260,434,419,70	0
496,341,407,93,494,419,211	0
170,420,374,435,32,70,434	0
475,210,353,25,138,419,260	0
287,16,420,35,138,419,70	0
48,101,420,140,54,77,211	0
141,435,374,411,245,42,211	0
55,35,35,411,232,419,42	0
48,35,407,16,374,373,434	0
169,411,411,353,68,373,434	0
459,101,407,391,210,36,189	0
17,322,253,77,16,138,434	0
250,32,374,260,42,70,68	0
323,435,494,70,434,138,211	0
48,25,391,420,54,232,494	0
170,53,411,322,54,407,260	0
466,353,494,373,138,419,260	0
445,36,434,211,68,138,70	0
86,253,35,373,211,138,70	0
492,101,77,341,419,42,260	0
86,36,93,138,419,494,42	0
48,374,232,407,341,435,138	0
149,36,420,374,138,419,434	0
236,54,68,260,70,211,494	0
55,435,407,373,42,260,494	0
169,232,168,407,25,93,341	0
323,245,210,189,211,138,68	0
170,420,434,260,42,494,138	0
459,16,93,16,35,54,211	0
5,36,374,53,77,42,434	0
461,391,245,419,373,70,68	0
108,322,16,68,138,42,373	0
265,140,245,232,32,25,168	0
86,411,341,77,419,70,42	0
33,232,42,260,138,494,70	0
169,322,101,419,68,494,260	0
55,101,36,341,25,260,211	0
55,232,168,101,36,42,70	0
454,77,322,140,341,36,93	0
302,101,25,189,341,140,374	0
492,232,253,93,25,36,42	0
141,77,245,374,232,373,70	0
454,32,411,407,138,70,434	0
459,32,35,32,70,419,434	0
17,16,210,341,77,411,42	0
265,253,16,232,36,210,42	0
323,253,245,70,138,373,211	0
11,32,435,42,260,434,211	0
454,407,168,140,101,36,353	0
33,374,93,322,32,25,245	0
445,420,54,101,232,42,494	0
250,391,36,54,260,373,211	0
250,245,140,341,407,35,374	0
250,232,245,353,32,391,434	0
141,420,407,35,373,419,434	0
466,322,253,140,232,42,70	0
11,391,407,77,168,232,374	0
475,435,211,68,419,260,70	0
492,391,407,140,189,419,260	0
490,407,140,210,353,245,435	0
344,25,189,42,419,373,211	0
423,168,435,353,420,138,68	0
475,210,35,374,407,419,373	0
141,32,494,260,419,211,68	0
461,53,420,77,70,434,138	0
461,253,232,407,245,168,373	0
17,253,210,407,93,245,373	0
492,101,16,211,494,419,138	0
46,322,435,341,68,211,260	0
445,54,435,391,253,25,407	0
236,16,36,232,373,42,68	0
466,25,374,101,373,138,494	0
490,353,53,189,420,168,93	0
466,341,407,77,189,411,68	0
475,168,54,210,70,42,138	0
250,32,407,494,419,138,70	0
461,140,411,232,494,419,70	0
323,140,211,419,70,138,434	0
490,374,419,70,494,211,42	0
265,411,407,253,138,211,494	0
461,25,53,32,419,68,434	0
445,77,260,68,138,70,494	0
323,93,68,42,260,211,138	0
265,35,168,260,419,373,42	0
11,93,253,93,420,35,189	0
5,25,53,140,260,68,494	0
344,140,93,54,32,245,168	0
48,353,245,341,53,140,211	0
490,16,36,341,353,420,391	0
170,407,16,35,322,407,374	0
55,101,68,211,70,494,42	0
141,54,420,138,70,42,211	0
490,374,68,434,42,138,211	0
48,140,70,68,373,419,260	0
17,353,373,434,68,419,70	0
212,374,494,434,42,373,211	0
490,374,341,391,435,322,494	0
141,77,42,70,68,138,373	0
445,36,77,35,341,245,373	0
11,322,435,420,260,494,138	0
459,140,140,25,373,211,138	0
11,25,32,419,373,68,434	0
461,210,138,42,68,434,260	0
212,420,68,434,419,494,138	0
454,140,322,373,419,434,138	0
454,32,93,25,341,232,253	0
344,77,260,70,434,68,494	0
212,77,70,419,42,211,434	0
492,374,419,70,494,211,138	0
445,54,36,140,68,138,42	0
55,25,341,253,53,353,35	0
447,353,35,341,411,140,253	0
467,407,32,374,411,70,434	0
11,35,53,411,407,420,211	0
48,140,210,77,189,419,42	0
149,36,210,411,391,245,138	0
302,353,420,419,42,434,138	0
287,407,36,245,260,434,70	0
445,411,353,322,16,391,494	0
454,54,411,138,42,211,434	0
344,245,93,435,245,101,232	0
423,16,16,253,42,419,373	0
344,420,36,189,253,419,260	0
490,140,32,391,77,54,435	0
323,25,353,25,138,260,419	0
492,391,53,25,260,494,70	0
454,16,420,138,211,494,68	0
459,420,168,253,245,189,434	0
46,253,210,36,373,419,138	0
11,353,77,189,420,168,70	0
323,245,36,210,93,77,189	0
170,54,53,232,341,54,93	0
445,77,210,36,53,93,168	0
250,353,374,32,353,68,419	0
48,25,341,260,494,211,70	0
445,322,435,245,211,68,434	0
302,232,435,54,101,232,42	0
108,53,494,260,419,42,211	0
475,420,411,25,35,189,494	0
48,253,70,42,68,419,138	0
236,420,407,138,494,373,211	0
423,341,32,420,93,70,373	0
86,35,391,42,373,494,419	0
141,210,341,253,101,420,138	0
447,189,411,353,374,210,260	0
5,391,168,260,373,42,211	0
490,36,68,70,434,419,494	0
250,35,32,494,70,260,42	0
46,25,211,70,434,373,494	0
62,16,140,435,253,245,54	0
454,391,53,189,374,419,494	0
475,253,54,322,494,419,260	0
423,168,54,16,211,434,138	0
302,93,93,42,70,260,211	0
287,25,54,42,260,70,419	0
170,232,189,36,494,68,260	0
250,36,420,245,391,101,168	0
108,35,93,411,494,373,419	0
265,77,210,101,53,138,419	0
141,245,353,70,419,42,373	0
302,53,189,245,35,42,138	0
55,77,32,411,168,70,260	0
236,391,435,16,494,68,373	0
170,168,140,53,374,70,373	0
475,232,322,420,101,36,419	0
265,77,77,260,138,494,211	0
287,77,32,35,407,140,245	0
55,36,341,434,494,419,138	0
55,101,101,322,140,68,70	0
141,53,353,322,420,140,419	0
86,101,407,420,419,260,434	0
170,77,42,419,211,434,260	0
490,411,210,53,253,93,260	0
250,374,322,32,42,434,494	0
447,32,189,353,32,420,211	0
55,16,25,435,70,373,260	0
250,420,211,70,494,42,138	0
86,245,101,54,189,494,419	0
287,341,322,211,68,70,42	0
212,140,70,42,434,419,211	0
454,407,93,411,341,101,210	0
454,93,211,434,260,68,42	0
490,168,189,25,434,70,42	0
492,374,189,232,25,140,253	0
17,16,411,391,140,32,373	0
169,53,25,53,322,407,138	0
17,54,140,138,211,42,260	0
170,232,341,16,435,407,77	0
496,77,353,168,494,42,260	0
344,411,138,434,42,211,68	0
496,189,341,245,140,494,70	0
46,210,25,189,353,407,434	0
467,232,36,25,494,70,138	0
149,168,353,420,25,93,42	0
302,32,35,70,68,419,494	0
302,420,53,140,211,260,42	0
302,32,245,322,353,407,260	0
17,232,420,32,374,373,211	0
265,232,245,101,407,232,211	0
17,32,140,260,138,70,42	0
496,35,374,168,54,36,101	0
490,435,140,253,419,494,211	0
302,53,374,232,211,138,68	0
55,407,435,35,168,68,419	0
344,391,353,435,419,138,434	0
496,232,322,36,245,168,138	0
475,101,70,373,138,419,68	0
55,77,374,70,494,68,419	0
423,32,419,260,434,138,211	0
287,35,232,140,77,245,138	0
459,93,93,32,353,341,260	0
344,353,36,341,70,211,138	0
86,35,253,36,70,211,373	0
323,25,435,373,68,494,138	0
55,32,210,77,374,32,260	0
33,322,353,35,93,253,138	0
287,77,210,32,341,101,434	0
62,77,16,353,42,138,419	0
108,411,353,341,245,42,138	0
447,232,42,211,419,68,138	0
11,435,435,54,210,341,68	0
344,245,253,434,260,70,419	0
265,232,36,42,419,373,70	0
445,435,168,42,494,434,70	0
423,210,435,232,322,54,93	0
108,411,232,168,260,494,68	0
302,77,140,419,42,434,138	0
5,35,494,211,260,434,373	0
344,16,189,245,411,260,70	0
55,54,189,25,373,211,138	0
17,210,25,260,68,211,138	0
302,101,322,391,35,494,68	0
492,411,232,420,54,407,35	0
461,407,25,211,434,419,70	0
169,407,140,341,211,68,434	0
490,407,32,16,322,411,435	0
490,35,494,373,138,434,419	0
108,232,32,322,434,138,70	0
62,16,253,434,373,68,70	0
461,93,35,373,419,138,211	0
475,16,374,420,373,260,211	0
344,322,232,53,54,419,68	0
170,101,210,93,341,25,411	0
344,341,36,35,77,253,211	0
149,77,253,168,245,419,373	0
287,101,391,407,93,140,42	0
492,35,407,373,494,68,211	0
86,407,189,210,434,211,138	0
490,93,232,322,245,35,140	0
46,77,53,54,68,373,42	0
212,210,189,93,16,32,42	0
467,101,140,35,210,70,419	0
48,232,322,341,253,32,54	0
445,140,391,53,245,232,77	0
475,232,53,391,32,420,210	0
461,210,245,93,140,101,210	0
5,407,101,25,322,420,70	0
236,232,42,211,494,260,373	0
86,25,253,420,54,435,70	0
212,53,253,435,101,53,77	0
212,353,53,140,138,68,70	0
170,101,53,353,93,35,373	0
475,168,391,16,374,36,245	0
33,36,232,140,420,211,68	0
496,54,373,42,68,70,211	0
466,32,54,25,77,210,245	0
423,16,391,211,138,70,419	0
344,32,420,35,211,494,138	0
302,54,353,25,341,245,260	0
11,322,70,494,434,419,260	0
108,53,245,374,70,494,138	0
496,435,435,53,16,210,42	0
149,53,373,434,260,68,494	0
5,322,168,42,373,434,494	0
46,210,77,494,373,419,211	0
496,353,25,101,253,341,68	0
5,435,16,140,260,70,373	0
490,36,140,189,353,210,341	0
169,53,53,68,373,42,211	0
461,374,189,211,138,68,373	0
466,322,253,391,32,77,260	0
323,420,93,189,391,434,138	0
344,253,16,77,210,374,93	0
447,245,25,407,411,101,373	0
17,16,245,35,420,407,374	0
250,140,411,16,353,68,70	0
169,232,253,260,211,68,373	0
55,54,232,260,70,419,138	0
423,101,411,407,419,211,434	0
492,391,341,374,322,232,36	0
46,54,36,54,16,25,373	0
265,93,420,435,210,232,373	0
454,232,253,42,138,68,70	0
323,168,101,210,168,232,260	0
48,232,68,70,211,42,434	0
423,407,411,341,70,434,68	0
55,32,253,68,70,260,494	0
86,245,391,101,253,374,138	0
48,374,407,253,77,35,210	0
454,391,435,138,42,434,419	0
250,245,36,374,210,419,434	0
496,16,93,54,260,494,68	0
46,25,434,419,211,494,138	0
212,189,341,138,434,68,419	0
108,93,25,260,494,70,373	0
492,189,341,101,53,35,211	0
323,32,411,260,42,373,434	0
86,77,35,189,353,93,245	0
212,353,101,232,253,36,140	0
212,25,419,68,138,42,260	0
62,435,53,411,140,210,253	0
108,54,420,35,32,101,42	0
48,101,373,68,419,434,494	0
467,210,353,35,32,374,210	0
17,374,70,373,419,434,260	0
344,322,53,391,253,140,138	0
5,253,211,373,494,68,42	0
496,374,411,420,35,245,373	0
212,32,260,419,138,211,42	0
11,232,189,420,35,407,25	0
17,35,353,189,210,16,42	0
5,93,53,232,353,42,68	0
475,16,16,189,245,54,391	0
445,35,374,494,211,373,70	0
11,210,35,420,353,68,138	0
467,391,391,101,77,140,245	0
475,407,353,36,391,253,435	0
48,35,35,411,407,245,253	0
236,411,391,322,435,211,138	0
287,435,101,494,138,434,211	0
250,391,54,411,70,211,42	0
344,232,232,32,101,322,138	0
33,253,189,211,138,260,373	0
454,32,353,35,77,341,210	0
62,53,260,419,373,70,434	0
46,411,168,373,434,138,260	0
149,245,189,36,407,391,374	0
17,16,494,373,260,138,68	0
55,353,168,77,42,373,419	0
250,232,70,373,68,434,138	0
459,54,353,68,419,70,494	0
447,140,391,374,53,168,140	0
33,374,36,16,245,211,260	0
250,53,419,211,494,260,434	0
170,54,494,434,419,68,70	0
302,353,420,77,16,322,93	0
212,245,70,373,260,42,138	0
454,25,16,35,353,435,494	0
475,411,211,419,138,373,68	0
459,253,391,253,419,434,70	0
46,435,32,140,322,54,70	0
287,341,419,211,260,42,434	0
170,245,77,260,211,138,419	0
490,411,434,419,373,138,42	0
55,93,407,435,25,93,53	0
492,101,411,210,374,211,68	0
86,411,232,168,54,53,77	0
169,77,35,407,16,391,322	0
467,168,322,411,25,341,211	0
490,374,25,341,210,245,211	0
445,253,420,434,68,494,42	0
55,36,93,435,138,434,70	0
46,353,68,211,434,373,42	0
62,77,54,189,101,434,419	0
323,16,42,373,70,434,138	0
141,411,210,35,77,25,138	0
459,210,232,245,420,411,68	0
287,420,245,189,93,341,407	0
447,53,54,25,245,68,434	0
11,54,70,419,68,373,494	0
445,93,189,434,138,70,42	0
62,93,245,93,407,411,42	0
250,411,189,53,168,36,138	0
459,53,77,54,420,25,232	0
461,54,68,494,42,419,70	0
17,322,353,411,260,434,373	0
461,210,407,36,25,77,70	0
170,25,245,35,411,140,434	0
55,232,434,70,42,211,260	0
492,54,77,101,434,260,419	0
447,54,322,32,420,25,42	0
323,435,245,189,341,211,70	0
169,245,101,353,25,435,391	0
170,168,435,210,101,353,35	0
447,374,434,373,211,70,419	0
250,341,374,35,53,77,211	0
108,53,140,189,77,42,434	0
344,140,54,245,373,211,138	0
323,232,140,168,341,245,54	0
423,391,253,93,494,68,373	0
11,36,391,32,36,494,68	0
17,36,411,53,391,374,140	0
287,232,168,16,101,419,211	0
108,93,140,101,245,68,42	0
454,189,36,435,16,245,42	0
490,411,341,32,54,53,35	0
149,140,374,420,232,42,373	0
302,25,434,138,68,260,70	0
459,168,374,232,407,140,253	0
169,232,189,16,36,435,42	0
170,411,54,32,232,16,407	0
445,140,16,419,260,42,70	0
55,35,419,434,138,211,260	0
33,16,168,53,101,42,373	0
459,168,168,25,138,42,260	0
11,253,245,260,70,211,68	0
33,53,322,407,494,42,70	0
33,374,435,407,53,68,211	0
62,407,70,68,138,211,260	0
323,36,322,36,260,70,211	0
467,54,407,435,70,138,494	0
236,353,42,434,260,373,494	0
149,341,253,341,168,419,434	0
212,53,54,16,101,374,68	0
236,435,32,70,42,138,373	0
423,420,494,373,68,42,260	0
236,36,168,494,373,419,260	0
265,101,434,42,373,68,211	0
236,210,25,42,260,419,138	0
454,420,434,211,42,494,138	0
62,253,54,341,407,138,419	0
467,253,140,253,138,42,68	0
423,253,32,25,42,373,434	0
423,101,411,434,211,138,494	0
447,35,419,494,70,434,373	0
445,168,168,232,25,36,211	0
48,322,411,407,42,373,68	0
11,245,341,434,138,42,419	0
11,101,189,101,16,434,42	0
454,210,140,407,168,101,53	0
287,374,341,391,407,245,101	0
447,411,245,353,435,16,434	0
287,101,494,138,373,419,42	0
323,77,435,168,32,341,391	0
169,36,232,419,373,494,138	0
496,93,494,211,434,68,70	0
459,253,140,253,54,419,494	0
447,93,36,253,353,260,211	0
55,16,53,322,435,70,138	0
48,189,420,494,138,260,70	0
33,168,260,70,419,373,42	0
323,77,53,77,374,101,54	0
11,245,253,101,42,419,373	0
323,140,140,70,419,68,138	0
212,140,32,77,373,138,494	0
287,32,373,70,211,260,419	0
447,341,341,434,419,42,260	0
287,36,322,32,168,25,35	0
467,35,77,54,25,374,373	0
287,53,35,322,54,435,138	0
11,101,101,391,341,36,260	0
287,140,189,253,16,25,36	0
467,245,93,353,25,101,494	0
467,435,407,245,35,77,68	0
5,232,35,245,70,138,494	0
141,25,32,434,68,373,494	0
423,374,407,32,42,68,419	0
149,32,70,419,494,68,373	0
344,391,53,35,211,373,260	0
46,253,391,245,36,42,211	0
475,322,210,70,434,68,211	0
461,353,101,93,391,16,140	0
170,101,211,434,70,68,373	0
265,232,211,434,70,494,419	0
467,420,53,16,253,93,140	0
467,245,101,420,25,53,373	0
265,101,391,374,32,210,322	0
170,435,16,53,407,374,70	0
48,341,411,32,419,70,434	0
490,435,407,25,77,211,260	0
17,168,25,54,407,374,68	0
212,93,35,411,353,70,260	0
445,32,25,36,140,138,260	0
459,411,420,168,189,70,419	0
265,16,36,435,16,245,138	0
467,253,245,407,25,53,419	0
459,435,54,101,391,210,260	0
454,210,211,373,70,138,68	0
108,35,53,93,435,407,54	0
149,391,77,322,168,101,419	0
170,245,419,494,260,138,70	0
423,25,25,419,373,211,68	0
62,353,419,42,260,494,373	0
461,32,253,435,419,42,211	0
169,77,210,411,341,434,70	0
17,420,211,260,373,419,42	0
454,353,411,36,70,373,434	0
344,322,322,260,70,138,419	0
48,54,419,434,211,138,68	0
466,353,434,494,419,70,373	0
466,245,407,140,16,245,54	0
490,322,35,25,140,435,494	0
5,93,260,373,42,138,68	0
467,189,419,138,434,211,68	0
454,435,373,434,419,211,494	0
236,435,435,77,494,373,138	0
490,77,138,68,373,42,419	0
17,420,36,168,138,211,68	0
447,435,32,189,101,138,211	0
62,101,140,77,138,211,42	0
461,101,168,411,53,245,101	0
459,353,32,391,411,54,68	0
149,35,494,434,42,260,70	0
492,374,42,260,494,68,70	0
302,93,53,35,374,42,434	0
5,35,260,434,68,42,373	0
5,93,435,374,411,70,260	0
467,411,373,211,68,70,42	0
149,391,68,419,434,211,494	0
287,16,411,341,54,36,407	0
467,54,435,189,391,420,434	0
461,54,77,101,54,374,42	0
55,168,54,101,53,435,42	0
17,245,101,16,36,245,407	0
62,101,36,101,25,391,68	0
287,16,341,138,373,68,494	0
236,168,232,93,407,260,373	0
169,189,353,420,210,32,374	0
344,35,374,138,42,211,70	0
467,77,93,245,341,140,260	0
149,25,494,434,42,211,373	0
149,210,138,373,434,494,260	0
48,407,435,434,260,494,70	0
236,253,25,138,70,419,68	0
265,36,93,25,420,70,260	0
141,54,53,434,42,70,373	0
454,407,93,374,77,232,260	0
55,435,353,435,140,391,419	0
323,54,411,407,391,140,25	0
108,189,16,93,435,341,232	0
46,32,53,210,77,54,407	0
490,168,391,210,140,341,232	0
490,322,435,68,373,211,419	0
454,189,420,168,25,68,211	0
149,420,245,434,42,419,211	0
323,54,341,434,494,138,211	0
48,435,32,391,260,434,211	0
459,32,101,210,411,53,374	0
250,391,210,42,68,494,373	0
48,77,93,68,138,260,434	0
447,168,101,253,434,211,68	0
62,341,35,260,68,419,373	0
423,411,435,189,53,68,419	0
86,32,341,210,70,419,373	0
48,232,420,260,70,211,419	0
62,374,77,93,253,322,419	0
33,189,25,168,32,68,42	0
461,374,435,25,189,16,245	0
17,391,374,353,391,245,407	0
46,25,232,101,168,353,435	0
48,140,138,42,70,211,434	0
467,245,322,253,411,36,35	0
33,210,16,253,341,373,70	0
108,25,374,25,211,68,138	0
170,32,407,374,435,253,322	0
459,35,353,93,101,373,42	0
48,322,42,494,70,138,373	0
454,36,374,54,68,419,70	0
33,391,168,341,210,245,260	0
423,93,322,391,25,168,232	0
423,25,253,35,42,260,419	0
454,411,407,391,211,138,260	0
423,53,54,93,420,373,68	0
48,168,168,93,101,211,373	0
170,245,407,101,70,68,373	0
11,353,374,32,25,419,260	0
141,25,494,68,373,211,138	0
33,253,54,36,353,374,189	0
447,411,253,36,341,411,494	0
236,189,435,70,138,494,42	0
170,25,211,260,434,138,419	0
236,168,435,210,391,341,407	0
265,101,232,93,53,211,373	0
302,420,70,260,494,68,419	0
170,140,36,419,434,260,70	0
17,53,68,42,70,494,434	0
250,93,322,341,32,210,42	0
490,189,435,373,494,68,211	0
445,411,374,407,70,434,42	0
212,32,253,140,391,36,42	0
302,245,140,435,322,42,68	0
496,353,32,68,260,434,70	0
492,232,32,16,341,253,54	0
287,35,245,435,53,68,42	0
454,93,25,374,93,411,70	0
490,77,32,374,245,435,35	0
344,232,93,210,374,232,42	0
108,54,391,232,210,322,77	0
423,35,54,189,435,36,419	0
55,374,25,32,353,245,411	0
236,210,434,68,419,260,211	0
423,16,407,374,168,93,140	0
55,168,211,373,138,260,434	0
141,54,411,77,353,68,494	0
108,391,494,260,373,211,138	0
496,189,435,54,140,434,373	0
55,25,353,25,253,494,138	0
459,35,42,138,68,70,434	0
496,407,420,253,211,434,260	0
459,25,420,138,211,260,373	0
149,322,253,210,168,35,434	0
459,253,16,101,77,407,36	0
236,374,36,32,140,211,70	0
108,435,53,211,138,434,494	0
86,407,140,260,68,494,138	0
48,54,138,42,434,494,419	0
236,35,53,138,434,42,419	0
17,35,420,373,494,434,42	0
250,77,189,140,245,407,70	0
447,93,16,435,411,32,53	0
141,101,434,138,42,373,419	0
108,210,210,140,420,245,35	0
149,25,138,419,211,42,494	0
170,322,42,260,494,434,373	0
461,420,93,16,53,374,77	0
86,374,341,16,101,42,68	0
447,245,232,36,32,35,53	0
323,374,189,138,260,434,211	0
265,140,391,411,434,419,138	0
466,16,36,232,53,373,68	0
344,435,407,93,16,53,260	0
492,168,77,16,373,419,70	0
55,391,353,36,189,35,420	0
496,374,211,419,42,260,373	0
302,168,42,68,419,434,494	0
170,210,434,42,260,373,138	0
423,322,245,168,232,374,373	0
46,32,36,407,434,211,260	0
86,435,77,260,419,68,70	0
5,77,140,211,70,42,68	0
461,101,341,353,435,420,373	0
467,253,35,138,373,434,70	0
447,420,374,420,93,245,260	0
454,407,54,374,353,391,211	0
5,32,373,68,419,138,70	0
236,245,25,232,168,407,420	0
86,16,260,419,211,68,138	0
141,391,253,35,70,211,260	0
86,420,93,32,35,101,138	0
287,53,25,36,68,138,419	0
17,93,168,42,373,68,70	0
11,54,407,322,374,420,419	0
250,322,374,373,138,42,68	0
466,36,374,373,260,42,419	0
461,93,101,341,32,253,353	0
467,25,68,494,434,42,419	0
108,420,494,434,42,373,419	0
62,411,93,68,494,373,70	0
33,435,35,16,189,253,25	0
475,53,35,189,77,373,494	0
33,210,322,16,260,68,494	0
459,322,140,36,353,391,42	0
265,53,353,419,494,373,138	0
287,411,353,434,494,138,260	0
461,245,253,101,42,373,419	0
302,210,322,189,232,25,419	0
459,210,35,322,407,373,138	0
250,32,407,77,374,322,189	0
466,140,189,32,374,407,434	0
302,435,42,211,260,70,138	0
302,322,419,494,373,42,138	0
5,93,25,373,419,70,260	0
55,253,353,322,25,68,138	0
496,101,353,322,138,494,373	0
86,16,260,42,68,434,211	0
149,189,419,70,494,68,260	0
447,435,16,374,353,93,42	0
48,245,253,93,168,260,434	0
170,54,391,353,70,373,419	0
141,25,189,245,353,101,391	0
11,101,68,419,211,494,138	0
490,391,407,245,391,36,42	0
265,101,419,434,138,373,70	0
466,140,210,168,245,434,138	0
454,411,53,25,54,391,260	0
212,53,138,42,260,70,494	0
459,435,232,93,140,210,68	0
212,36,16,341,232,210,494	0
169,391,260,68,70,494,42	0
170,54,36,232,260,68,70	0
250,32,411,36,232,341,434	0
169,77,140,138,68,494,70	0
445,435,35,435,140,210,68	0
475,168,168,260,70,494,419	0
454,374,373,494,419,138,211	0
33,77,93,54,68,211,434	0
265,168,374,322,68,494,373	0
86,101,391,232,54,101,260	0
108,253,140,434,211,70,42	0
323,53,322,373,138,42,419	0
496,420,435,341,53,36,373	0
492,391,77,232,68,70,419	0
475,232,341,54,407,419,42	0
344,420,168,232,434,260,419	0
490,341,25,353,35,260,68	0
447,54,435,70,494,42,373	0
17,341,420,35,16,93,77	0
169,168,353,434,419,70,42	0
86,391,373,68,260,138,434	0
141,322,232,411,210,434,494	0
169,353,260,494,68,211,42	0
48,411,232,35,373,138,70	0
287,25,101,25,494,260,138	0
475,77,353,232,419,42,70	0
475,391,419,260,138,42,373	0
496,411,374,420,77,245,373	0
141,53,210,77,411,341,68	0
466,53,25,93,341,211,419	0
496,322,42,138,68,260,70	0
141,232,168,391,77,373,42	0
323,168,353,411,70,211,260	0
86,54,420,434,211,138,260	0
490,322,353,341,407,93,68	0
5,374,53,54,245,32,373	0
466,391,168,68,70,42,434	0
170,101,391,322,211,70,42	0
141,322,420,93,210,341,35	0
265,245,353,253,93,435,232	0
344,253,260,68,211,494,70	0
459,391,70,68,373,260,419	0
5,374,245,93,420,32,232	0
423,140,211,434,42,373,494	0
46,16,232,245,138,434,260	0
344,53,140,411,189,494,68	0
459,407,101,353,93,77,435	0
423,420,140,232,101,407,391	0
475,53,93,434,68,260,494	0
11,407,101,32,77,419,211	0
490,353,407,322,168,494,373	0
149,391,407,391,210,77,494	0
108,25,420,232,494,373,70	0
17,353,32,353,434,419,70	0
475,411,53,25,411,93,322	0
48,210,341,245,407,42,211	0
423,322,391,420,77,93,434	0
141,353,140,420,211,494,42	0
466,322,77,374,138,434,373	0
212,101,210,32,25,434,419	0
236,322,70,419,211,434,68	0
454,322,494,260,434,70,211	0
236,32,189,374,245,140,68	0
141,420,210,419,138,434,70	0
17,32,353,373,68,70,211	0
475,16,32,101,16,420,419	0
423,93,53,77,138,42,419	0
108,411,341,420,407,16,434	0
492,32,494,70,373,42,260	0
86,210,168,232,353,93,25	0
344,374,70,419,138,434,494	0
250,341,322,35,93,435,253	0
11,25,341,322,211,494,68	0
86,341,420,189,101,374,232	0
62,341,42,211,373,260,68	0
344,407,25,68,434,138,211	0
423,435,77,25,374,232,373	0
459,77,53,341,353,210,419	0
141,168,32,101,54,232,434	0
445,245,35,373,419,211,260	0
86,411,322,77,36,353,168	0
170,140,168,189,210,322,434	0
490,16,232,434,70,42,211	0
141,391,101,32,245,70,138	0
250,16,32,391,211,434,373	0
445,420,77,420,32,407,211	0
302,101,210,25,93,140,341	0
86,391,168,420,36,138,211	0
236,374,419,138,434,260,211	0
62,168,168,35,42,211,138	0
454,374,232,407,435,101,189	0
11,53,168,353,101,77,245	0
33,435,353,36,35,420,211	0
33,32,419,68,494,260,211	0
265,101,353,168,407,419,211	0
212,353,168,70,494,42,138	0
475,77,54,25,35,101,232	0
250,77,32,322,391,353,54	0
236,140,101,36,434,68,419	0
492,16,93,32,373,419,494	0
5,36,420,391,322,189,260	0
236,35,16,189,391,341,138	0
46,25,435,420,32,341,211	0
55,54,36,434,211,419,68	0
170,374,353,25,138,42,70	0
48,16,494,419,434,68,260	0
461,353,25,435,36,16,140	0
466,16,25,420,322,407,138	0
490,54,407,101,36,341,434	0
344,93,232,35,494,68,70	0
250,54,391,189,35,260,70	0
466,93,93,138,434,68,260	0
170,341,32,373,68,260,494	0
459,245,36,420,494,68,138	0
496,35,322,32,35,140,260	0
447,391,32,322,168,93,68	0
287,391,419,42,494,260,68	0
461,101,101,16,407,373,419	0
302,77,253,435,101,16,434	0
447,25,36,70,373,68,138	0
323,322,138,373,434,211,494	0
287,32,16,407,435,322,53	0
46,232,32,374,70,260,42	0
212,322,420,245,353,54,42	0
141,101,374,341,138,211,260	0
323,53,68,211,260,434,42	0
236,32,494,138,70,211,419	0
459,374,253,101,140,32,411	0
492,253,70,138,373,494,211	0
423,232,260,211,42,494,70	0
170,411,322,435,407,494,42	0
467,420,245,353,168,54,36	0
149,253,407,93,341,54,189	0
265,53,245,16,419,434,211	0
490,391,232,93,140,32,407	0
5,245,373,419,211,138,42	0
5,411,411,211,494,260,68	0
86,210,341,353,420,260,68	0
137,332,161,458,187,237,283,404,89	1
322,140,140	1
6,337,368,438	1
114,184,367,462,497,439	1
230,393,360,152	1
272,326,474,412	1
117,204,92	1
422,152,393,376	0
475,349,27,345,456	1
89,13,424,21,310	1
137,332,161,458	1
137,332,161,458,187,237	1
237,141,118,264	1
256,166,383,231,326	1
42,260,68,260,260,70,434,260,70,70,434	1
341,189,168,420,71,232,32,253,189,168,140	1
189,168,435,407,16,374,77,25	1
189,168,16,374,189,374,407,374,420	1
78,364,477,316,329,434,138,138,70,71,494,260,211,211,211,211,68,87,42,260,138,373,419,494,70,494,138,419,68,15,450,197,175,222	1
372,34,464,442,504	1
427,148,142,284	1
434,138,138,70,71,494,260,211,211,211,211,68,42,260,138,373,419,494,70,494,138,419	1
42,260,138,373,419,494,70,494,138,419	1
374,32,391,232,32,374,420,77,189,32,391,16,54,53,433,433,391,374,435	1
170,42,211	1
359,163,329,434,138,70,138,71,419,419,260,211,211,434,138,211	1
75,60,436	1
32,341,420,189,16	1
315,168,107,49,448,49	1
295,318,58	1
359,163,329,42,70,211,138,70,42,260,419,70,419,419	1
322,53,140,420,168,32,232,420,374,32,391,232,32,374,420,77,189,32,391,16,54,53,433,433,391,374,435	1
359,163,329,434,138,70,138,71,419,419,260,211,211,434,138,211,18,228,329,434,138,70,138,71,419,434,260,494,494,68,138,434	1
434,138,138,70,71,494,260,211,211,211,211,68	1
18,228,329,434,138,70,138,71,419,434,260,494,494,68,138,434	1
465,88,27,345,456,61,147,506,410,201,375,136,26,23,102,194,152,273,290	1
271,211,185,70,507	1
90,424,471,247	1
0,296,348,263	1
508,160,509,113,439	1
0,296,348,263	1
359,163,329,42,70,211,138,70,42,260,419,70,419,419	1
168,448,54,70,260,42,71,42,494,434,494,171,42,419,70,419	1
256,166,383,231,326	1
101,407,32,391,189,32,168,16,407,210,420,77,232,32,77,253,420,374	1
457,124,111	1
101,420,189,391,32,168,101,53,232,420	1
402,497,308,242,66,19,27,489	1
196,262,107,49,168,370	1
322,32,168,253,53,35,101,32,168,140,36,101,53,407	1
402,497,308,242,66,19,27,489	1
189,54,322,54	1
402,497,308,242,66,19,27,489	1
154,334,329,444,362,425,484,80,208,460,58,338,482,338,359,449,74	1
359,163,329,42,419,138,42,42,419,42,68,68,70,434,159	1
333,242,142,214	1
507,268,297,316,359,316,359,112,484,80,208,460,58,338,482,338,359,449,74	1
484,80,208,460,58,338,482,338,359,449,74	1
484,80,208,460,58,338,482,338,359,449,74	1
17,203,207,9,437,40,238,106	1
189,486,98,369,18,153,143,472,224	1
240,43,9,414,162,183,45,340,102,478,360,119,389,324	1
324,3,325,278,40,325,216,209,325,266,132	1
346,346,346,433,52,213,193,481,196,193,481,433,193,448,168	1
213,202,288,81,49,52,87,94,30,448,346,252,288	1
457,124,111	1
485,6,155,229,195,155,220,161,87,14,342,215,133,408,380,238,106,87,408,39,179,280	1
474,174,367,176,398,235,44,131	1
121,174,359,163,329	1
419,70,434,419,211,138,494,419	1
126,489,371	1
457,124,111	1
486,145,371	1
498,466,18,153,158,472	1
0,296,348,263	1
225,96,7,241	1
79,195,489	1
457,124,111	1
152,292,263,95,468,97,82,299,472	1
251,121,361,508,376,428,194,269,137,114,9	1
122,394,416	1
97,73,57,382,125,394,354	1
440,492,382,239,136,152,29,473	1
0,296,348,263	1
322,140,140	1
6,337,368,438	1
114,184,367,462,497,439	1
230,393,360,152	1
101,420,189,391,32,168,101,53,232,420	1
81,168,168	1
81,448,116	1
101,32,53,374,189,93,189,168,53	1
240,43,9,173,162,183,45,87,340,102,478,360,119,389,324	1
42,373,507	1
330,436,114	1
272,326,474,412	1
117,204,92	1
295,60,27	1
390,326,176	1
273,130,367,176	1
385,468,45	1
390,258,311,367,176	1
28,258,311,367	1
124,140,25	1
28,258,311,367,176	1
211,434,138,16,494	1
391,391,391,391,391,220	1
109,303,316,326,176	1
28,303,176	1
391,391,391,391,391,220	1
109,303,316,326,176	1
28,303,176	1
443,367,176	1
109,303,316,326,176	1
28,303,176	1
28,258,456,413,176	1
390,326,176	1
28,258,311,176	1
273,130,367,176	1
170,420,374,373,138,373,419	1
170,341,419,42,70,42	1
273,316,176	1
28,258,311	1
390,258,311,367,176	1
28,258,311,367	1
124,140,25	1
269,45,144	1
445,420,374,373,138,373,419	1
172,442,187,505,367,31	1
28,258,4,182,176	1
28,258,311,367,176	1
28,470,311,367,176	1
28,1,311,367,176	1
261,474,493,430	1
28,303,99,176	1
443,367,269	1
260,373,138	1
138,419,260	1
138,260,373,138	1
211,211,68,419,260	1
419,211,373,260,138	1
15,200,72,188,510,222	1
15,339,267,387,65	1
15,339,267,387,65,222	1
15,47,499,510,222	1
347,200,255,387,65	1
434,433,138,70,134	1
	

322,407,189,54,253	1
420,374,54	1
94,81,395,252	1
140,420,16,211,353,434,138	1
81,168,448,168	1
253,189,77	1
202,81,252,168,52,87,193,168,252	1
411,32,42,260,70	1
77,420,210,288,53,391	1
16,32,168,25	1
16,189,32,391	1
16,391,32,52,434,448	1
16,391,391,211,434,434	1
341,374,116,81,168,87,81,168,288,252,252,196,168	1
200,69,34,65	1
38,320,167,152,191	1
326,405,115	1
217,384,289,128,384	1
365,218,59	1
498,275,360,121,452	1
120,120,150,150,101,196	1
120,120,150,150,101,196,87,107,232,107	1
42,70,171,42,494,171,211,138	1
42,70,171,42,494,171,211,419	1
42,70,171,42,494,171,211,68	1
42,70,171,42,494,171,260,211	1
42,70,171,42,494,171,260,70	1
225,272,95	1
225,100,165,300,487	1
225,100,165,300,487,359	1
445,435,71,494	1
495,120,150,483	1
133,269,263,12	1
167,152,191,167,185,247	1
63,322,77,232,68,419,434	1
365,218,59	1
498,275,360,121,452	1
120,120,150,150,196,196	1
120,120,150,150,101,196	1
120,120,150,150,101,196,87,107,232,107	1
42,70,171,42,494,171,211,138	1
42,70,171,42,494,171,211,68	1
42,70,171,42,494,171,260,211	1
42,70,171,42,494,171,260,70	1
42,70,171,42,494,171,260,373	1
445,435,71,494,42	1
152,469,167,185,247	1
339,200,255,387,65	1
276,446,510	1
495,120,150,150,101	1
495,120,150,150,101,196	1
495,120,150,150,101,101,87,420,232,107,232	1
434,211,373,93,42,419	1
42,433,434,134	1
42,433,211,70,134	1
42,373,370,168	1
211,433,434,134	1
260,373,434,210,56,429	1
494,419,434,210,205,355	1
70,370,168	1
138,171,434,434,71,211,434,171,434,434	1
138,211,434,210,12,205	1
322,77,232,68,419,434	1
495,120,150,150,101,196,107,232,420,168	1
495,120,150,483	1
133,269,263,12	1
167,152,191,167,185,247	1
319,270,317	1
63,322,77,232,68,419,434	1
498,275,360,121,452	1
399,339,255,37	1
47,2,387	1
47,452,2,387,65	1
385,228,406	1
123,67,343,503	1
158,256,326	1
495,120,150,150,101,196,107,232,420,168	1
495,120,150,483	1
133,269,263,12	1
167,152,191,167,185,247	1
319,270,317	1
63,322,77,232,68,419,434	1
365,218,59	1
120,120,150,150,196,196	1
120,120,150,150,101,196	1
120,120,150,150,101,196,87,107,232,107,232	1
120,120,150,150,101,196,16,232,420,42	1
120,120,150,150,196,168	1
384,259,146,84,186,12	1
293,312,326,100	1
42,70,171,42,494,171,211,373	1
42,70,171,42,494,171,260,138	1
42,70,171,42,494,171,260,419	1
42,70,171,42,494,171,494,211	1
42,70,171,42,494,171,494,373	1
158,256,326,305,401	1
384,289,128,384,64,364,185,396	1
121,478,180,241	1
295,152,12,300	1
50,120,150,150,101	1
120,8,150	1
120,120,150,150,196	1
373,70,435,434	1
373,68,434,434,186,83	1
138,434,42,474	1
32,87,25	1
32,71,138,68,70	1
32,32,87,16,25	1
32,32,32	1
322,87,341,32,77,77,391,77	1
322,87,341,32,77,77,407,77	1
322,373,87,341,32,77,168,32,77	1
322,373,87,341,32,77,77,32,77	1
322,32,87,341,32,77,189	1
322,32,87,341,32,77,189,77	1
322,32,87,341,32,77,168	1
322,32,87,341,32,77,168,32,77	1
322,32,87,341,32,77,168,189,77	1
322,32,87,341,32,77,168,77	1
322,32,87,341,32,77,77	1
322,32,87,341,32,77,77,32	1
322,32,87,341,32,77,77,32,253	1
322,32,87,341,32,77,77,189	1
322,32,87,341,32,77,77,189,253	1
322,32,87,341,32,77,77,189,77	1
322,32,87,341,32,77,77,77	1
322,32,87,341,32,77,77,407,32,253	1
322,32,140,87,341,32,77,168,189	1
322,32,53,87,341,32,77,77,189,32,77	1
322,32,16,87,341,32,77,168	1
322,32,16,87,341,32,77,77,32	1
322,32,16,87,341,32,77,77,189,77	1
322,32,341,32,77	1
322,32,341,32,77,168,32,77	1
322,32,341,32,77,77	1
322,32,341,32,77,77,189,77	1
322,32,341,32,77,77,168	1
42,294,20,331	1
42,276,42	1
211,448,25,407,189,374,53,168	1
70,32,419,42,70,419,138	1
70,32,419,42,420,419,138	1
70,32,419,42,35,260,138	1
70,232,42	1
70,168,435,101,42,70,260	1
373,70,434,168	1
375,431,199,357,357	1
375,431,199,386,313	1
375,431,199,313	1
481,53,407,253,407	1
322,32,341,32,77,77,77	1
322,32,341,32,77,77,407,32,253	1
322,32,341,32,77,77,407,253	1
322,189,87,341,32,77,32,189,77	1
54,87,341,77,77,407	1
54,32,16,87,341,32,189,77,189	1
435,54,433,211,434,42,373,325,434,70,325,42,419	1
435,54,227,211,434,42,373,325,434,70,325,42,419	1
435,54,211,434,42,373,325,434,70,325,42,419	1
435,54,71,211,434,42,373,325,434,70,325,42,419	1
435,24,377,174,316	1
435,352,277,233	1
435,231,110	1
435,285,455	1
140,32,16,87,341,32,189,168	1
140,32,16,87,341,32,168,32,77	1
140,32,16,16,87,341,32,77,77,32,77	1
101,53,54	1
189,53,53,87,407,374,53,168	1
189,53,407,16,25,407,374,53	1
245,32,168,140,32,32,168	1
391,168,196,168,168	1
221,177,441	1
493,278,350	1
7,219,359	1
7,219,493	1
7,195,111	1
7,267,366,41,339,285,192	1
226,321,314,207	1
295,146,511,2	1
344,417,373,68,434,434,186	1
344,488,373,68,434,434	1
344,488,373,68,434,434,70	1
344,488,373,68,434,434,68	1
375,431,199,313,176	1
510,248,339,510,138,434,434	1
144,388,285	1
156,317,143,103	1
391,53,407,189,16,25,407,189,374,374,53,168	1
168,407,101	1
210,285,233	1
213,395,407	1
374,211,70	1
353,435,101,70	1
481,53,407,253	1
481,448,315,370,391	1
25,53,407,253,407	1
	

344,488,373,68,434,434,186	1
344,488,373,68,434,434,186,274	1
344,488,373,68,434,434,186,83	1
344,488,373,68,434,434,186,164	1
344,488,373,68,434,373,186,83	1
344,392,373,68,434,434,186,83	1
137,379,178,87,104,339,510	1
51,9,14,76	1
74,304,27,260,138	1
291,168,407,42,70,260	1
199,161,10	1
339,369,121,65	1
339,369,121,85	1
65,381,105,307,329	1
392,373,68,434,434,186,83	1
375,431,199	1
42,70,171,42,494,171,70,434	1
211,419,373	1
138,42,42,434,419	1
138,42,42,42,434,419	1
42,434,315,213,87,481,407,374,374,53,168	1
42,434,91	1
42,407,391	1
42,407,374,391	1
42,294,20,331	1
211,434,42,373,138,434,70,325,42,419	1
211,448,25,407,189,374,53,168	1
70,32,419,42,70,419,138	1
70,32,419,42,420,419,138	1
70,32,419,42,35,260,138	1
70,232,42	1
70,168,435,101,42,70,260	1
375,431,199,287,115	1
375,431,199,357,357	1
375,431,199,386,313	1
375,431,199,313	1
481,53,407,253,407	1
481,53,407,370,407	1
481,448,315,370,407	1
431,199,313	1
27,243,463	1
359,198,1	1
359,458,480,434,42,419,70,70,373,419	1
113,474,511	1
378,105,307	1
86,32,211,420,211,232,42,70	1
86,32,140,260,260	1
86,32,411,77,341,42,68	1
6,393,137,351	1
6,34,137,351	1
170,32,68,260,373,211,434	1
409,306,356	1
409,306,114,39,309	1
415,381,105,307,329	1
158,244,432	1
158,244,432,177	1
108,139,204	1
22,260,42,68,373,70,494,474	1
455,256,129	1
403,135,340,327	1
257,235,328	1
257,235,313	1
257,278,451	1
257,278,141	1
257,278,313	1
301,470,493	1
336,192,200,510	1
114,260,70	1
114,255,256,326	1
114,4,115,281	1
114,313,233,127	1
19,42,294,161,331	1
